$ 1 0.000005 10.20027730826997 50 5 50 5e-11
t -16 -1728 32 -1728 0 1 0.5832197989445209 0.5829624342396542 100 default
t -16 -1632 32 -1632 0 1 -5.25849192998741 0.09375184368873243 100 default
g 32 -1616 32 -1584 0 0
w 32 -1712 32 -1648 0
w 304 -1952 352 -1952 0
w 304 -1952 304 -1904 0
w 304 -2000 304 -1952 0
w 304 -1872 304 -1808 0
g 304 -1776 304 -1744 0 0
t 256 -1792 304 -1792 0 1 0.6131152989621158 0.6670227951612667 100 default
t 256 -1888 304 -1888 0 1 0.6226674744944576 0.6649208865499824 100 default
t 256 -1536 304 -1536 0 1 -1.0348338210855124 0.12573894204168923 100 default
t 256 -1440 304 -1440 0 1 -5.1324956257298755 0.09375184341154058 100 default
g 304 -1424 304 -1392 0 0
w 304 -1520 304 -1456 0
w 304 -1648 304 -1600 0
w 304 -1600 304 -1552 0
w 304 -1600 352 -1600 0
w 32 -1840 32 -1792 0
w 32 -1792 32 -1744 0
w 32 -1792 80 -1792 0
r 256 -1792 192 -1792 0 2200
r 256 -1888 192 -1888 0 2200
r 256 -1536 192 -1536 0 2200
r 256 -1440 192 -1440 0 2200
r -16 -1728 -80 -1728 0 2200
r -16 -1632 -80 -1632 0 2200
r 544 -1632 480 -1632 0 2200
r 544 -1728 480 -1728 0 2200
w 592 -1792 640 -1792 0
w 592 -1792 592 -1744 0
w 592 -1840 592 -1792 0
w 592 -1712 592 -1648 0
g 592 -1616 592 -1584 0 0
t 544 -1632 592 -1632 0 1 0.6198965248628076 0.6378247767332769 100 default
t 544 -1728 592 -1728 0 1 -6.311999915902452 0.07823267044579356 100 default
t 1472 -1712 1520 -1712 0 1 0.6187587223588211 0.6634683301662777 100 default
t 1472 -1616 1520 -1616 0 1 0.6186354762683574 0.6678772562999739 100 default
g 1520 -1600 1520 -1568 0 0
w 1520 -1696 1520 -1632 0
w 1520 -1824 1520 -1776 0
w 1520 -1776 1520 -1728 0
w 1520 -1776 1568 -1776 0
r 1472 -1712 1408 -1712 0 2200
r 1472 -1616 1408 -1616 0 2200
r 912 -1616 848 -1616 0 2200
r 912 -1712 848 -1712 0 2200
r 1184 -1424 1120 -1424 0 2200
r 1184 -1520 1120 -1520 0 2200
r 1184 -1872 1120 -1872 0 2200
r 1184 -1776 1120 -1776 0 2200
w 960 -1776 1008 -1776 0
w 960 -1776 960 -1728 0
w 960 -1824 960 -1776 0
w 1232 -1584 1280 -1584 0
w 1232 -1584 1232 -1536 0
w 1232 -1632 1232 -1584 0
w 1232 -1504 1232 -1440 0
g 1232 -1408 1232 -1376 0 0
t 1184 -1424 1232 -1424 0 1 0.6295580696313818 0.6474863214856384 100 default
t 1184 -1520 1232 -1520 0 1 -6.308876250855316 0.06940713008681967 100 default
t 1184 -1872 1232 -1872 0 1 -0.0020610609794200485 0.13011676180603615 100 default
t 1184 -1776 1232 -1776 0 1 -6.190708694448225 0.08733538164851551 100 default
g 1232 -1760 1232 -1728 0 0
w 1232 -1856 1232 -1792 0
w 1232 -1984 1232 -1936 0
w 1232 -1936 1232 -1888 0
w 1232 -1936 1280 -1936 0
w 960 -1696 960 -1632 0
g 960 -1600 960 -1568 0 0
t 912 -1616 960 -1616 0 1 0.6286859841563742 0.6713126583494969 100 default
t 912 -1712 960 -1712 0 1 0.6187793474367729 0.6634880411167233 100 default
r 1472 -1216 1408 -1216 0 2200
r 1472 -1312 1408 -1312 0 2200
w 1520 -1376 1520 -1328 0
w 1520 -1424 1520 -1376 0
w 1520 -1296 1520 -1232 0
g 1520 -1200 1520 -1168 0 0
t 1472 -1216 1520 -1216 0 1 0.6147915053491598 0.6327197572172644 100 default
t 1472 -1312 1520 -1312 0 1 -4.935693460020639 0.0694071270519696 100 default
r 1568 -1776 1648 -1776 0 1000
162 1648 -1776 1776 -1776 2 default-led 1 1 1 0.01
g 1776 -1776 1776 -1728 0 0
w -80 -1728 -80 -1888 0
w -80 -1888 192 -1888 0
w -80 -1632 -80 -1440 0
w -80 -1440 192 -1440 0
w 160 -1792 160 -1536 0
w 160 -1536 160 -1216 0
w 192 -1536 160 -1536 0
w 80 -1792 160 -1792 0
w 160 -1792 192 -1792 0
w 480 -1632 432 -1632 0
w 432 -1632 432 -1600 0
w 432 -1600 352 -1600 0
w 480 -1952 480 -1728 0
w 848 -1712 640 -1712 0
w 640 -1712 640 -1792 0
w 848 -1712 848 -1872 0
w 848 -1872 1120 -1872 0
w 1008 -1776 1120 -1776 0
w 1120 -1776 1120 -1520 0
w 848 -1616 848 -1424 0
w 1120 -1424 848 -1424 0
w 1408 -1712 1408 -1936 0
w 1408 -1936 1280 -1936 0
w 1280 -1584 1408 -1584 0
w 1408 -1584 1408 -1616 0
w 480 -1952 352 -1952 0
w 1120 -1520 1120 -1312 0
r 304 -2000 304 -2112 0 1000
w 304 -1648 368 -1648 0
w 368 -1648 368 -2000 0
r 368 -2000 368 -2112 0 1000
w 592 -1840 592 -2000 0
r 592 -2000 592 -2112 0 1000
w 960 -1824 960 -2000 0
r 960 -2000 960 -2112 0 1000
r 1232 -1984 1232 -2112 0 1000
w 1520 -1824 1520 -1984 0
r 1520 -1984 1520 -2112 0 1000
w 1232 -1632 1296 -1632 0
w 1296 -1632 1296 -1984 0
r 1296 -1984 1296 -2112 0 1000
w 1520 -1424 1584 -1424 0
r 1584 -1984 1584 -2112 0 1000
w 32 -1840 32 -2000 0
r 32 -2000 32 -2112 0 1000
w -176 -1440 -80 -1440 0
w -272 -2112 32 -2112 0
w 32 -2112 304 -2112 0
w 304 -2112 368 -2112 0
w 368 -2112 592 -2112 0
w 592 -2112 960 -2112 0
w 960 -2112 1232 -2112 0
w 1232 -2112 1296 -2112 0
w 1296 -2112 1520 -2112 0
w 1520 -2112 1584 -2112 0
w 1584 -1984 1584 -1424 0
w 1120 -1312 1408 -1312 0
w 1408 -1216 160 -1216 0
w 752 -1424 848 -1424 0
r -1072 -1600 -1072 -1712 0 1000
w -1072 -1440 -1072 -1600 0
r -512 -1600 -512 -1712 0 1000
w -512 -1440 -512 -1600 0
r -736 -1600 -736 -1712 0 1000
w -736 -1248 -736 -1600 0
w -800 -1248 -736 -1248 0
r -800 -1600 -800 -1712 0 1000
w -624 -1552 -752 -1552 0
w -624 -1552 -624 -1328 0
w -672 -1200 -752 -1200 0
w -672 -1232 -672 -1200 0
w -624 -1232 -672 -1232 0
w -944 -1392 -912 -1392 0
w -1024 -1392 -944 -1392 0
w -912 -1136 -944 -1136 0
w -944 -1392 -944 -1136 0
w -1184 -1040 -912 -1040 0
w -1184 -1232 -1184 -1040 0
w -1184 -1488 -912 -1488 0
w -1184 -1328 -1184 -1488 0
t -560 -1328 -512 -1328 0 1 0.6191743126302884 0.6636170329600909 100 default
t -560 -1232 -512 -1232 0 1 0.6186310411957127 0.6679401528483493 100 default
g -512 -1216 -512 -1184 0 0
w -512 -1312 -512 -1248 0
w -512 -1440 -512 -1392 0
w -512 -1392 -512 -1344 0
r -560 -1328 -624 -1328 0 2200
r -560 -1232 -624 -1232 0 2200
r -1120 -1232 -1184 -1232 0 2200
r -1120 -1328 -1184 -1328 0 2200
r -848 -1040 -912 -1040 0 2200
r -848 -1136 -912 -1136 0 2200
r -848 -1488 -912 -1488 0 2200
r -848 -1392 -912 -1392 0 2200
w -1072 -1392 -1024 -1392 0
w -1072 -1392 -1072 -1344 0
w -1072 -1440 -1072 -1392 0
w -800 -1200 -752 -1200 0
w -800 -1200 -800 -1152 0
w -800 -1248 -800 -1200 0
w -800 -1120 -800 -1056 0
g -800 -1024 -800 -992 0 0
t -848 -1040 -800 -1040 0 1 0.6295580696313899 0.6474863214852821 100 default
t -848 -1136 -800 -1136 0 1 -6.310799388233335 0.06750364795058436 100 default
t -848 -1488 -800 -1488 0 1 0.5425064809179325 0.5422491187748655 100 default
t -848 -1392 -800 -1392 0 1 -6.4143793247272525 0.08543190000204477 100 default
g -800 -1376 -800 -1344 0 0
w -800 -1472 -800 -1408 0
w -800 -1600 -800 -1552 0
w -800 -1552 -800 -1504 0
w -800 -1552 -752 -1552 0
w -1072 -1312 -1072 -1248 0
g -1072 -1216 -1072 -1184 0 0
t -1120 -1232 -1072 -1232 0 1 0.6286546485237686 0.6718738597683075 100 default
t -1120 -1328 -1072 -1328 0 1 0.6227654882638312 0.6649781627492086 100 default
w -1200 -1712 -1072 -1712 0
w -1072 -1712 -800 -1712 0
w -800 -1712 -736 -1712 0
w -736 -1712 -512 -1712 0
w -80 -1888 -384 -1888 0
w -512 -1440 -400 -1440 0
w -1184 -1040 -1696 -1040 0
R -2560 -2192 -2704 -2192 0 0 40 9 0 0 0.5
s -2160 -1488 -1920 -1488 0 0 false
w -2560 -2192 -2160 -2192 0
w -176 -1440 -400 -1440 0
s -2160 -1888 -1904 -1888 0 0 false
162 -1904 -1888 -1680 -1888 2 default-led 1 0 1 0.01
w -1680 -1888 -384 -1888 0
162 -1920 -1488 -1664 -1488 2 default-led 1 0 1 0.01
w -1664 -1488 -1184 -1488 0
w -1664 -384 -1184 -384 0
162 -1920 -384 -1664 -384 2 default-led 1 0 1 0.01
w -1680 -784 -384 -784 0
162 -1904 -784 -1680 -784 2 default-led 1 0 1 0.01
s -2160 -784 -1904 -784 0 0 false
w -176 -336 -400 -336 0
s -2160 -384 -1920 -384 0 0 false
w -1184 64 -1696 64 0
w -512 -336 -400 -336 0
w -80 -784 -384 -784 0
w -736 -608 -512 -608 0
w -800 -608 -736 -608 0
w -1072 -608 -800 -608 0
w -1200 -608 -1072 -608 0
t -1120 -224 -1072 -224 0 1 0.6227654882638303 0.6649781627492084 100 default
t -1120 -128 -1072 -128 0 1 0.6286546485237688 0.6718738597683074 100 default
g -1072 -112 -1072 -80 0 0
w -1072 -208 -1072 -144 0
w -800 -448 -752 -448 0
w -800 -448 -800 -400 0
w -800 -496 -800 -448 0
w -800 -368 -800 -304 0
g -800 -272 -800 -240 0 0
t -848 -288 -800 -288 0 1 -6.414379324727232 0.08543190000204534 100 default
t -848 -384 -800 -384 0 1 0.5425064809179263 0.5422491187748593 100 default
t -848 -32 -800 -32 0 1 -6.310799388233334 0.06750364795058511 100 default
t -848 64 -800 64 0 1 0.6295580696313899 0.6474863214852821 100 default
g -800 80 -800 112 0 0
w -800 -16 -800 48 0
w -800 -144 -800 -96 0
w -800 -96 -800 -48 0
w -800 -96 -752 -96 0
w -1072 -336 -1072 -288 0
w -1072 -288 -1072 -240 0
w -1072 -288 -1024 -288 0
r -848 -288 -912 -288 0 2200
r -848 -384 -912 -384 0 2200
r -848 -32 -912 -32 0 2200
r -848 64 -912 64 0 2200
r -1120 -224 -1184 -224 0 2200
r -1120 -128 -1184 -128 0 2200
r -560 -128 -624 -128 0 2200
r -560 -224 -624 -224 0 2200
w -512 -288 -512 -240 0
w -512 -336 -512 -288 0
w -512 -208 -512 -144 0
g -512 -112 -512 -80 0 0
t -560 -128 -512 -128 0 1 0.618631041195713 0.6679401528483494 100 default
t -560 -224 -512 -224 0 1 0.619174312630287 0.6636170329600906 100 default
w -1184 -224 -1184 -384 0
w -1184 -384 -912 -384 0
w -1184 -128 -1184 64 0
w -1184 64 -912 64 0
w -944 -288 -944 -32 0
w -912 -32 -944 -32 0
w -1024 -288 -944 -288 0
w -944 -288 -912 -288 0
w -624 -128 -672 -128 0
w -672 -128 -672 -96 0
w -672 -96 -752 -96 0
w -624 -448 -624 -224 0
w -624 -448 -752 -448 0
r -800 -496 -800 -608 0 1000
w -800 -144 -736 -144 0
w -736 -144 -736 -496 0
r -736 -496 -736 -608 0 1000
w -512 -336 -512 -496 0
r -512 -496 -512 -608 0 1000
w -1072 -336 -1072 -496 0
r -1072 -496 -1072 -608 0 1000
w 752 -320 848 -320 0
w 1408 -112 160 -112 0
w 1120 -208 1408 -208 0
w 1584 -880 1584 -320 0
w 1520 -1008 1584 -1008 0
w 1296 -1008 1520 -1008 0
w 1232 -1008 1296 -1008 0
w 960 -1008 1232 -1008 0
w 592 -1008 960 -1008 0
w 368 -1008 592 -1008 0
w 304 -1008 368 -1008 0
w 32 -1008 304 -1008 0
w -272 -1008 32 -1008 0
w -176 -336 -80 -336 0
r 32 -896 32 -1008 0 1000
w 32 -736 32 -896 0
r 1584 -880 1584 -1008 0 1000
w 1520 -320 1584 -320 0
r 1296 -880 1296 -1008 0 1000
w 1296 -528 1296 -880 0
w 1232 -528 1296 -528 0
r 1520 -880 1520 -1008 0 1000
w 1520 -720 1520 -880 0
r 1232 -880 1232 -1008 0 1000
r 960 -896 960 -1008 0 1000
w 960 -720 960 -896 0
r 592 -896 592 -1008 0 1000
w 592 -736 592 -896 0
r 368 -896 368 -1008 0 1000
w 368 -544 368 -896 0
w 304 -544 368 -544 0
r 304 -896 304 -1008 0 1000
w 1120 -416 1120 -208 0
w 480 -848 352 -848 0
w 1408 -480 1408 -512 0
w 1280 -480 1408 -480 0
w 1408 -832 1280 -832 0
w 1408 -608 1408 -832 0
w 1120 -320 848 -320 0
w 848 -512 848 -320 0
w 1120 -672 1120 -416 0
w 1008 -672 1120 -672 0
w 848 -768 1120 -768 0
w 848 -608 848 -768 0
w 640 -608 640 -688 0
w 848 -608 640 -608 0
w 480 -848 480 -624 0
w 432 -496 352 -496 0
w 432 -528 432 -496 0
w 480 -528 432 -528 0
w 160 -688 192 -688 0
w 80 -688 160 -688 0
w 192 -432 160 -432 0
w 160 -432 160 -112 0
w 160 -688 160 -432 0
w -80 -336 192 -336 0
w -80 -528 -80 -336 0
w -80 -784 192 -784 0
w -80 -624 -80 -784 0
g 1776 -672 1776 -624 0 0
162 1648 -672 1776 -672 2 default-led 1 1 1 0.01
r 1568 -672 1648 -672 0 1000
t 1472 -208 1520 -208 0 1 -4.412731464640216 0.08146038581532185 100 default
t 1472 -112 1520 -112 0 1 0.6147915053491054 0.6327197572194647 100 default
g 1520 -96 1520 -64 0 0
w 1520 -192 1520 -128 0
w 1520 -320 1520 -272 0
w 1520 -272 1520 -224 0
r 1472 -208 1408 -208 0 2200
r 1472 -112 1408 -112 0 2200
t 912 -608 960 -608 0 1 0.6187417597511671 0.6634521204614192 100 default
t 912 -512 960 -512 0 1 0.6111810254262128 0.6658592925245354 100 default
g 960 -496 960 -464 0 0
w 960 -592 960 -528 0
w 1232 -832 1280 -832 0
w 1232 -832 1232 -784 0
w 1232 -880 1232 -832 0
w 1232 -752 1232 -688 0
g 1232 -656 1232 -624 0 0
t 1184 -672 1232 -672 0 1 -6.179646684595472 0.099388641521189 100 default
t 1184 -768 1232 -768 0 1 0.001693837654639374 0.13288040925663758 100 default
t 1184 -416 1232 -416 0 1 -6.296822990376195 0.08146038994452176 100 default
t 1184 -320 1232 -320 0 1 0.6129336044498144 0.6308618563359747 100 default
g 1232 -304 1232 -272 0 0
w 1232 -400 1232 -336 0
w 1232 -528 1232 -480 0
w 1232 -480 1232 -432 0
w 1232 -480 1280 -480 0
w 960 -720 960 -672 0
w 960 -672 960 -624 0
w 960 -672 1008 -672 0
r 1184 -672 1120 -672 0 2200
r 1184 -768 1120 -768 0 2200
r 1184 -416 1120 -416 0 2200
r 1184 -320 1120 -320 0 2200
r 912 -608 848 -608 0 2200
r 912 -512 848 -512 0 2200
r 1472 -512 1408 -512 0 2200
r 1472 -608 1408 -608 0 2200
w 1520 -672 1568 -672 0
w 1520 -672 1520 -624 0
w 1520 -720 1520 -672 0
w 1520 -592 1520 -528 0
g 1520 -496 1520 -464 0 0
t 1472 -512 1520 -512 0 1 0.6186354762656359 0.667877256298321 100 default
t 1472 -608 1520 -608 0 1 0.618758722353355 0.6634683301643282 100 default
t 544 -624 592 -624 0 1 -6.315754813442723 0.07823267045404857 100 default
t 544 -528 592 -528 0 1 0.6198965248628068 0.6378247767332951 100 default
g 592 -512 592 -480 0 0
w 592 -608 592 -544 0
w 592 -736 592 -688 0
w 592 -688 592 -640 0
w 592 -688 640 -688 0
r 544 -624 480 -624 0 2200
r 544 -528 480 -528 0 2200
r -16 -528 -80 -528 0 2200
r -16 -624 -80 -624 0 2200
r 256 -336 192 -336 0 2200
r 256 -432 192 -432 0 2200
r 256 -784 192 -784 0 2200
r 256 -688 192 -688 0 2200
w 32 -688 80 -688 0
w 32 -688 32 -640 0
w 32 -736 32 -688 0
w 304 -496 352 -496 0
w 304 -496 304 -448 0
w 304 -544 304 -496 0
w 304 -416 304 -352 0
g 304 -320 304 -288 0 0
t 256 -336 304 -336 0 1 -5.132495625730216 0.09375184341154158 100 default
t 256 -432 304 -432 0 1 -1.0348338210851749 0.1257389420416919 100 default
t 256 -784 304 -784 0 1 0.6226674744944557 0.6649208865499884 100 default
t 256 -688 304 -688 0 1 0.6131152989621168 0.6670227951612728 100 default
g 304 -672 304 -640 0 0
w 304 -768 304 -704 0
w 304 -896 304 -848 0
w 304 -848 304 -800 0
w 304 -848 352 -848 0
w 32 -608 32 -544 0
g 32 -512 32 -480 0 0
t -16 -528 32 -528 0 1 -5.2584919299877555 0.09375184368873345 100 default
t -16 -624 32 -624 0 1 0.583219798944504 0.5829624342396356 100 default
w 752 -320 752 -1104 0
w 752 -1104 1776 -1104 0
w 1776 -1104 1776 -1424 0
s -2160 -2192 -1904 -2192 0 0 false
w -2160 -1888 -2160 -1712 0
w -2160 -1712 -2160 -1488 0
w -2160 -1488 -2160 -784 0
w -2160 -784 -2160 -608 0
w -2160 -608 -2160 -384 0
w -1696 -1040 -1696 -2192 0
w -1696 -2192 -1904 -2192 0
w -1696 64 -1696 -1040 0
w -1696 -2192 752 -2192 0
w 752 -2192 752 -1424 0
162 -400 -1440 -400 -1232 2 default-led 1 0 0 0.01
g -400 -1232 -400 -1184 0 0
g -400 -128 -400 -80 0 0
162 -400 -336 -400 -128 2 default-led 1 0 0 0.01
w 1776 -1424 1584 -1424 0
w -272 -2112 -2160 -2112 0
w -1200 -1712 -2160 -1712 0
w -272 -1008 -272 -1712 0
w -272 -1712 -512 -1712 0
w -1200 -608 -2160 -608 0
w -2160 -1888 -2160 -2112 0
w -2160 -2112 -2160 -2192 0
t 1552 64 1584 64 0 1 0.6497295842118497 0.6739698002028787 100 default
w 1584 48 1584 0 0
g 1584 80 1584 128 0 0
162 1584 0 1728 0 2 default-led 1 1 1 0.01
g 1728 0 1728 48 0 0
r 1552 64 1504 64 0 1000
r 1584 0 1584 -64 0 1000
w 1584 -320 1584 -64 0
w -1696 64 -1696 128 0
w -1696 128 1440 144 0
w 1440 144 1440 64 0
w 1504 64 1440 64 0
